2.0,300,22775.46586354995
2.0,325,22404.73972066626
2.0,350,22180.218385033262
2.0,375,22056.72101528285
2.0,400,22227.830401434105
2.0,425,21985.941778758497
2.0,450,22004.525963265787
2.0,475,22049.882855193715
2.0,500,22112.124209203088
2.0,525,22198.474758821572
2.0,550,22287.170078459854
2.0,575,22385.676320063063
2.0,600,22492.880414923766
2.0,625,22607.377877493593
2.0,650,22728.0182716088
2.0,675,22853.882808323197
2.0,700,22984.23064005871
2.0,725,23118.457281262657
2.0,750,23256.064155710952
2.0,775,23396.636059317632
2.0,800,23539.8242178414
2.0,825,23685.333364122187
2.0,850,23832.911751959284
2.0,875,23982.343348332066
2.0,900,24133.483530061407
2.0,925,24300.35123738622
2.0,950,24475.59104922475
2.0,975,24650.459995485275
2.5,300,22321.053161881155
2.5,325,22106.801650765472
2.5,350,22280.00759691646
2.5,375,21915.70873722472
2.5,400,21902.28827876697
2.5,425,21923.009336033956
2.5,450,21966.064837680664
2.5,475,22040.622918013276
2.5,500,22117.704900486522
2.5,525,22207.130904071448
2.5,550,22307.331918313103
2.5,575,22416.443290035273
2.5,600,22532.966899766503
2.5,625,22655.725367126142
2.5,650,22783.782649673383
2.5,675,22916.384519771924
2.5,700,23052.9158546762
2.5,725,23192.869574146454
2.5,750,23335.823648150814
2.5,775,23481.423802132475
2.5,800,23629.370320290163
2.5,825,23779.407845927442
2.5,850,23931.31740661448
2.5,875,24084.91011319796
2.5,900,24240.022133535444
2.5,925,24396.51064780786
2.5,950,24554.250567380106
2.5,975,24713.131853173454
3.0,300,22145.20436430644
3.0,325,21996.717524461055
3.0,350,21914.75960938939
3.0,375,21886.454966941834
3.0,400,21897.280132002776
3.0,425,21933.186398607853
3.0,450,22004.098091596556
3.0,475,22077.617674365527
3.0,500,22164.736391716808
3.0,525,22263.595124584725
3.0,550,22372.10335307465
3.0,575,22488.59871263135
3.0,600,22611.783227532604
3.0,625,22740.630604059494
3.0,650,22874.31791937005
3.0,675,23012.176989193013
3.0,700,23153.659215130145
3.0,725,23298.309706917516
3.0,750,23445.747914366697
3.0,775,23595.652916415274
3.0,800,23747.752099387588
3.0,825,23901.81233971184
3.0,850,24057.633062901336
3.0,875,24215.040725766856
3.0,900,24215.040725766856
3.0,925,24215.040725766856
3.0,950,24215.040725766856
3.0,975,24856.085629047004
3.5,300,22062.30611584346
3.5,325,21975.34728898887
3.5,350,21920.905040695445
3.5,375,21913.724408689883
3.5,400,21936.239030086017
3.5,425,21999.80886542694
3.5,450,22066.113907128452
3.5,475,22148.024970891136
3.5,500,22243.278048263954
3.5,525,22349.402360954497
3.5,550,22464.454764845003
3.5,575,22586.933160628392
3.5,600,22715.66032122721
3.5,625,22847.281950345587
3.5,650,22986.324916812315
3.5,675,23129.239337364896
3.5,700,23275.524970849205
3.5,725,23424.77093022641
3.5,750,23576.631658711864
3.5,775,23730.814312459766
3.5,800,23887.54557610031
3.5,825,23887.54557610031
3.5,850,23887.54557610031
3.5,875,24364.82477749058
3.5,900,24528.902834765635
3.5,925,24692.725900273887
3.5,950,24857.709912334834
3.5,975,25023.747499236924
4.0,300,22087.072043270942
4.0,325,21999.902437449753
4.0,350,21963.73135387063
4.0,375,21970.781017921152
4.0,400,22023.222599597768
4.0,425,22078.525528037597
4.0,450,22152.306928205067
4.0,475,22241.743048178494
4.0,500,22343.794694409014
4.0,525,22456.100742871116
4.0,550,22576.859593126974
4.0,575,22701.1548687131
4.0,600,22835.559279719353
4.0,625,22974.95062812639
4.0,650,23118.618431887287
4.0,675,23265.999843957856
4.0,700,23416.62853073958
4.0,725,23570.11445854434
4.0,750,23726.12883218434
4.0,775,23726.12883218434
4.0,800,23726.12883218434
4.0,825,24205.222937626408
4.0,850,24370.585598817263
4.0,875,24535.64450140263
4.0,900,24702.07065566363
4.0,925,24869.72992752994
4.0,950,25038.516444235484
4.0,975,25208.33687579628
4.5,300,22126.484537784174
4.5,325,22058.440197810498
4.5,350,22038.036662813713
4.5,375,22074.456759305944
4.5,400,22114.081391815926
4.5,425,22176.232152688895
4.5,450,22257.27621900377
4.5,475,22353.33975154635
4.5,500,22461.45608082362
4.5,525,22574.234726527884
4.5,550,22701.224172444156
4.5,575,22834.88455232068
4.5,600,22974.155035370295
4.5,625,23118.229882166626
4.5,650,23266.45384911205
4.5,675,23418.287669426452
4.5,700,23573.28334482694
4.5,725,23573.28334482694
4.5,750,23573.28334482694
4.5,775,24052.161468201368
4.5,800,24218.177232558694
4.5,825,24384.38467052913
4.5,850,24552.27598152352
4.5,875,24721.353159240563
4.5,900,24891.817769238547
4.5,925,25063.500832934464
4.5,950,25236.298168492845
4.5,975,25410.119049839857
5.0,300,22192.379914028937
5.0,325,22136.706033390765
5.0,350,22156.40209215071
5.0,375,22174.61601501461
5.0,400,22220.584918615867
5.0,425,22289.936195570408
5.0,450,22377.61122420109
5.0,475,22479.76560470367
5.0,500,22587.335224317616
5.0,525,22711.784610927614
5.0,550,22843.96524343938
5.0,575,22982.580270602088
5.0,600,23126.665001559373
5.0,625,23275.442749715003
5.0,650,23428.279780976267
5.0,675,23584.653694056473
5.0,700,23584.653694056473
5.0,725,23905.467191805015
5.0,750,24070.979411522843
5.0,775,24237.798869512862
5.0,800,24406.55342722415
5.0,825,24577.057654062093
5.0,850,24749.146940113733
5.0,875,24922.49657640221
5.0,900,25097.228168544963
5.0,925,25273.17043781911
5.0,950,25450.22135587531
5.0,975,25628.292211801512
5.5,300,22278.429368792506
5.5,325,22232.84863363298
5.5,350,22261.03084071823
5.5,375,22287.685017426356
5.5,400,22341.223339116037
5.5,425,22417.354684771224
5.5,450,22511.24240892134
5.5,475,22611.612376845
5.5,500,22732.32681551564
5.5,525,22862.141501395075
5.5,550,22999.437225160378
5.5,575,23143.03816025305
5.5,600,23292.008577798646
5.5,625,23445.592453127098
5.5,650,23445.592453127098
5.5,675,23763.354469810933
5.5,700,23928.356288552277
5.5,725,24095.19643367306
5.5,750,24264.432215175213
5.5,775,24435.81489275464
5.5,800,24609.12469633396
5.5,825,24784.172143530035
5.5,850,24960.793079205254
5.5,875,25138.613133516752
5.5,900,25317.80295684303
5.5,925,25498.264239667078
5.5,950,25679.83642437599
5.5,975,25849.985032346212
6.0,300,22380.56361317624
6.0,325,22386.11607632793
6.0,350,22383.10906510846
6.0,375,22414.35681611083
6.0,400,22474.51751342425
6.0,425,22557.0131519658
6.0,450,22647.522586085895
6.0,475,22762.94061361252
6.0,500,22889.242964003293
6.0,525,23024.363749695316
6.0,550,23166.843687268116
6.0,575,23315.53704331295
6.0,600,23469.52845571646
6.0,625,23469.52845571646
6.0,650,23789.665257275094
6.0,675,23956.522328597603
6.0,700,24125.51828330184
6.0,725,24297.190596306475
6.0,750,24471.25120152728
6.0,775,24647.447831821664
6.0,800,24825.564155498552
6.0,825,25005.413691767048
6.0,850,25186.834844834157
6.0,875,25369.312030219837
6.0,900,25553.295434162952
6.0,925,25738.560908779444
6.0,950,25911.970086335015
6.0,975,26098.735777018115
6.5,300,22497.51217693702
6.5,325,22508.831243233788
6.5,350,22513.919124035056
6.5,375,22552.45281634462
6.5,400,22619.254947112266
6.5,425,22707.94605686608
6.5,450,22804.475585755103
6.5,475,22925.564833790126
6.5,500,23057.380129881134
6.5,525,23197.901202630375
6.5,550,23345.69663297026
6.5,575,23499.641044061456
6.5,600,23499.641044061456
6.5,625,23821.620184237458
6.5,650,23990.17671704215
6.5,675,24161.25341674727
6.5,700,24335.341660883365
6.5,725,24512.104295599984
6.5,750,24691.249121873265
6.5,775,24872.52704349053
6.5,800,25055.724504575526
6.5,825,25240.657385903356
6.5,850,25427.16611636072
6.5,875,25615.111727150426
6.5,900,25803.724447994777
6.5,925,25980.48845906297
6.5,950,26171.269255688163
6.5,975,26363.902083138855
7.0,300,22625.473725744472
7.0,325,22643.60577211969
7.0,350,22656.06553371417
7.0,375,22701.500139086656
7.0,400,22774.736881625533
7.0,425,22857.83051990083
7.0,450,22971.834249386444
7.0,475,23098.903894765146
7.0,500,23236.354330311064
7.0,525,23382.425012241976
7.0,550,23535.71203983081
7.0,575,23535.71203983081
7.0,600,23858.797996568122
7.0,625,24028.818518020762
7.0,650,24201.84449838632
7.0,675,24378.28405809539
7.0,700,24557.73826775407
7.0,725,24739.865581698894
7.0,750,24924.37672463946
7.0,775,25111.025164839426
7.0,800,25299.599523756955
7.0,825,25489.91754678681
7.0,850,25681.821273515336
7.0,875,25875.17313760531
7.0,900,26054.994505709576
7.0,925,26249.82389149515
7.0,950,26446.831381095733
7.0,975,26644.98755973899
7.5,300,22764.653641698987
7.5,325,22789.314298550093
7.5,350,22808.792677098103
7.5,375,22860.905956612114
7.5,400,22940.48479811383
7.5,425,23029.930171496388
7.5,450,23149.781740846898
7.5,475,23282.710465399585
7.5,500,23425.950246254244
7.5,525,23577.759537741007
7.5,550,23736.74968313426
7.5,575,23901.8220713897
7.5,600,24072.096746269017
7.5,625,24246.86046795267
7.5,650,24425.52895862746
7.5,675,24607.619004707733
7.5,700,24792.727524004342
7.5,725,24980.51564134515
7.5,750,25170.696422996236
7.5,775,25363.02532222504
7.5,800,25557.292659892562
7.5,825,25753.31765065805
7.5,850,25950.943615811557
7.5,875,26134.437088775947
7.5,900,26333.6780854224
7.5,925,26535.304873987036
7.5,950,26738.197201959978
7.5,975,26942.16980770173
8.0,300,22914.33843798265
8.0,325,22945.337557808492
8.0,350,22971.611852723097
8.0,375,23030.289457702027
8.0,400,23116.200604881054
8.0,425,23212.044156996588
8.0,450,23337.886706413246
8.0,475,23476.84404356065
8.0,500,23626.07183686714
8.0,525,23783.841913980796
8.0,550,23783.841913980796
8.0,575,24118.792042896897
8.0,600,24295.984787966274
8.0,625,24476.693844606103
8.0,650,24661.305399490266
8.0,675,24849.34770957609
8.0,700,25040.42034679749
8.0,725,25234.18652041842
8.0,750,25430.361058450122
8.0,775,25628.700924524328
8.0,800,25828.997749244387
8.0,825,26031.07189468016
8.0,850,26234.767696515075
8.0,875,26423.617460624057
8.0,900,26628.84476515893
8.0,925,26836.58140252865
8.0,950,27045.622560681004
8.0,975,27255.7704326272
8.5,300,23091.847979192265
8.5,325,23112.50929643667
8.5,350,23144.387328226123
8.5,375,23209.437864913376
8.5,400,23286.785584057077
8.5,425,23403.91386779278
8.5,450,23536.07251972014
8.5,475,23681.268908531227
8.5,500,23836.715063805583
8.5,525,24000.696712011046
8.5,550,24171.843538027584
8.5,575,24349.070373636652
8.5,600,24531.507462628782
8.5,625,24718.44950041287
8.5,650,24909.318521664318
8.5,675,25103.63643703945
8.5,700,25301.00440085911
8.5,725,25501.087098697106
8.5,750,25703.600634048547
8.5,775,25908.303085109845
8.5,800,26114.987067915135
8.5,825,26323.473824729845
8.5,850,26516.41848701387
8.5,875,26726.587595592002
8.5,900,26939.51602058762
8.5,925,27153.88940695326
8.5,950,27369.483602348977
8.5,975,27586.200877654785
9.0,300,23263.39258989814
9.0,325,23288.338386106818
9.0,350,23326.617971076328
9.0,375,23398.19928117662
9.0,400,23482.209877606
9.0,425,23605.8208244432
9.0,450,23744.361728049786
9.0,475,23896.027091435197
9.0,500,24057.94956346827
9.0,525,24057.94956346827
9.0,550,24405.03418594574
9.0,575,24589.812927314353
9.0,600,24778.80451975511
9.0,625,24972.316075780705
9.0,650,25169.779569310685
9.0,675,25370.718367667294
9.0,700,25574.734732022695
9.0,725,25781.494314801694
9.0,750,25990.714081110233
9.0,775,26202.152887431937
9.0,800,26415.604060512884
9.0,825,26612.785276392417
9.0,850,26828.096330927874
9.0,875,27046.446625109125
9.0,900,27266.402203470614
9.0,925,27487.708569893803
9.0,950,27710.25460439321
9.0,975,27933.956406146594
9.5,300,23444.640056008375
9.5,325,23473.710019679835
9.5,350,23518.368447444536
9.5,375,23596.55584673814
9.5,400,23687.36366534745
9.5,425,23817.663643631047
9.5,450,23962.8264427238
9.5,475,24121.223876537562
9.5,500,24289.906729021986
9.5,525,24467.1665709147
9.5,550,24651.638854912362
9.5,575,24842.242620892688
9.5,600,25038.111344047396
9.5,625,25238.542313556405
9.5,650,25442.95972746227
9.5,675,25650.887360159413
9.5,700,25861.92801426163
9.5,725,26075.747863376466
9.5,750,26292.06437561603
9.5,775,26510.636895448213
9.5,800,26712.18441827126
9.5,825,26932.8277797468
9.5,850,27156.823763388813
9.5,875,27382.608393509738
9.5,900,27609.89227074437
9.5,925,27838.548452799663
9.5,950,28068.482004449346
9.5,975,28299.61140056695
