2.0,300,24184.83426446255
2.0,325,23266.245108859996
2.0,350,22792.088083285216
2.0,375,22526.256838007204
2.0,400,22379.260104889392
2.0,425,22303.669289378933
2.0,450,22473.63761928854
2.0,475,22286.4926260789
2.0,500,22325.1626926314
2.0,525,22381.194287144404
2.0,550,22453.790525886772
2.0,575,22547.06467392579
2.0,600,22642.59722900915
2.0,625,22746.658927336262
2.0,650,22858.41407009958
2.0,675,22976.68458960984
2.0,700,23100.486215854253
2.0,725,23229.02441095084
2.0,750,23361.653006852783
2.0,775,23497.840744809284
2.0,800,23637.146404422776
2.0,825,23779.200209857387
2.0,850,23923.689727960445
2.0,875,24070.34902488776
2.0,900,24218.95022419397
2.0,925,24369.29686065052
2.0,950,24519.839929563877
2.0,975,24694.181758348965
2.5,300,22989.68161300416
2.5,325,22593.826428373177
2.5,350,22359.130311691995
2.5,375,22227.381934994934
2.5,400,22164.2000685331
2.5,425,22148.523297630898
2.5,450,22164.41296854696
2.5,475,22208.619160574424
2.5,500,22270.278099552535
2.5,525,22356.905073795217
2.5,550,22445.90986906992
2.5,575,22545.026914078717
2.5,600,22653.123211641305
2.5,625,22768.74655164294
2.5,650,22890.705685356585
2.5,675,23018.04992628943
2.5,700,23150.013469271405
2.5,725,23285.972039637832
2.5,750,23425.4111605225
2.5,775,23567.90269946577
2.5,800,23713.087259663494
2.5,825,23860.66076387786
2.5,850,24010.364097332174
2.5,875,24161.975016993307
2.5,900,24315.301763338644
2.5,925,24470.177967045838
2.5,950,24626.458551825148
2.5,975,24784.016411519053
3.0,300,22602.150163825077
3.0,325,22351.92931079106
3.0,350,22529.15346657357
3.0,375,22127.142479536342
3.0,400,22103.931808149086
3.0,425,22118.043519233
3.0,450,22156.18900169324
3.0,475,22228.467564899653
3.0,500,22303.272228720933
3.0,525,22391.200559279456
3.0,550,22490.635040615427
3.0,575,22599.564842724227
3.0,600,22716.37127417347
3.0,625,22839.786460046864
3.0,650,22968.806143403155
3.0,675,23102.623795528056
3.0,700,23240.58352613287
3.0,725,23382.146010556877
3.0,750,23526.863385828387
3.0,775,23674.36044383142
3.0,800,23824.320331615472
3.0,825,23976.473533908895
3.0,850,24130.589282926834
3.0,875,24286.46878824386
3.0,900,24443.939848579033
3.0,925,24443.939848579033
3.0,950,24762.678815045187
3.0,975,24762.678815045187
3.5,300,22442.699740786513
3.5,325,22628.596404995136
3.5,350,22157.251174178047
3.5,375,22114.69013715021
3.5,400,22112.094090928305
3.5,425,22144.177896047313
3.5,450,22211.55411895959
3.5,475,22281.476610554117
3.5,500,22366.068264771868
3.5,525,22463.39958688977
3.5,550,22571.170727055633
3.5,575,22687.549448726335
3.5,600,22811.111873787944
3.5,625,22940.737819859536
3.5,650,23075.53306476297
3.5,675,23214.774327876963
3.5,700,23357.869777087035
3.5,725,23504.330136371165
3.5,750,23653.747178248996
3.5,775,23805.77746503649
3.5,800,23960.129888171046
3.5,825,24116.556000044995
3.5,850,24116.556000044995
3.5,875,24116.556000044995
3.5,900,24594.949210477498
3.5,925,24759.144873601344
3.5,950,24923.246660977282
3.5,975,25088.500898787843
4.0,300,22383.09266818004
4.0,325,22246.9597378828
4.0,350,22169.398269763362
4.0,375,22147.68875530573
4.0,400,22164.83507192147
4.0,425,22223.630043837675
4.0,450,22285.09155988462
4.0,475,22363.538562615322
4.0,500,22456.60531427835
4.0,525,22561.540531312028
4.0,550,22676.176958796892
4.0,575,22798.848782132678
4.0,600,22928.25828166036
4.0,625,23063.378417018088
4.0,650,23203.38480992383
4.0,675,23347.607503103703
4.0,700,23495.496039903377
4.0,725,23646.59371319785
4.0,750,23800.51826250119
4.0,775,23800.51826250119
4.0,800,23800.51826250119
4.0,825,23800.51826250119
4.0,850,24436.400056099952
4.0,875,24602.769955164826
4.0,900,24768.316544757705
4.0,925,24935.18896034945
4.0,950,25103.279522607892
4.0,975,25272.48593392475
4.5,300,22355.9045417043
4.5,325,22275.12087935039
4.5,350,22221.576499445215
4.5,375,22216.660965386654
4.5,400,22262.733610265797
4.5,425,22311.6804815456
4.5,450,22380.8834120126
4.5,475,22467.36697012608
4.5,500,22567.715713218655
4.5,525,22679.27293204558
4.5,550,22800.02486474907
4.5,575,22928.422338911176
4.5,600,23063.252695955285
4.5,625,23201.201560286565
4.5,650,23346.673713679833
4.5,675,23496.126360250724
4.5,700,23649.05018950798
4.5,725,23805.02380221068
4.5,750,23805.02380221068
4.5,775,24123.89940124675
4.5,800,24288.219052727996
4.5,825,24453.1541097602
4.5,850,24619.874562332043
4.5,875,24788.17927720796
4.5,900,24957.921122920972
4.5,925,25128.97234157568
4.5,950,25301.220704812073
4.5,975,25474.56719021177
5.0,300,22426.354551231587
5.0,325,22335.24063059235
5.0,350,22297.002613429984
5.0,375,22304.377653410324
5.0,400,22359.61067778893
5.0,425,22417.579222813576
5.0,450,22494.853526467487
5.0,475,22588.55091972791
5.0,500,22695.473634734513
5.0,525,22813.13021060658
5.0,550,22939.622909942518
5.0,575,23069.96997249343
5.0,600,23210.73176252728
5.0,625,23356.687511851433
5.0,650,23507.09760964034
5.0,675,23661.375449372543
5.0,700,23661.375449372543
5.0,725,23661.375449372543
5.0,750,24141.21156930603
5.0,775,24308.54465017318
5.0,800,24476.47771139186
5.0,825,24645.859169017167
5.0,850,24817.02732169196
5.0,875,24989.75797688644
5.0,900,25163.907235558097
5.0,925,25339.351030210913
5.0,950,25515.980344344098
5.0,975,25681.119368460913
5.5,300,22495.900200129203
5.5,325,22418.27018732942
5.5,350,22397.67760848413
5.5,375,22435.12915812932
5.5,400,22475.537466647034
5.5,425,22539.785030048493
5.5,450,22624.146842114085
5.5,475,22724.474309378376
5.5,500,22837.579585851123
5.5,525,22955.7924552071
5.5,550,23088.871034663254
5.5,575,23228.975919356068
5.5,600,23374.980645884378
5.5,625,23526.033870037423
5.5,650,23681.444883114826
5.5,675,23681.444883114826
5.5,700,24002.240123433545
5.5,725,24168.604510939513
5.5,750,24336.65622700125
5.5,775,24507.01054097448
5.5,800,24679.436462182322
5.5,825,24853.660436287213
5.5,850,25029.4259153467
5.5,875,25206.81064180969
5.5,900,25385.60713995596
5.5,925,25565.691752985585
5.5,950,25733.847872822575
5.5,975,25915.5572922356
6.0,300,22586.004046868187
6.0,325,22522.555304784906
6.0,350,22509.69892754025
6.0,375,22555.39131744279
6.0,400,22603.979427713286
6.0,425,22675.68231527895
6.0,450,22766.853035554166
6.0,475,22873.518366411256
6.0,500,22986.175532439636
6.0,525,23116.653581171704
6.0,550,23255.3446900129
6.0,575,23400.853443899035
6.0,600,23552.150357660794
6.0,625,23708.40919709774
6.0,650,23708.40919709774
6.0,675,24032.27474755151
6.0,700,24200.791959261314
6.0,725,24371.256083637643
6.0,750,24544.277388741015
6.0,775,24719.59057168416
6.0,800,24896.960081737656
6.0,825,25075.980623717376
6.0,850,25256.660235493448
6.0,875,25438.96224612944
6.0,900,25622.674423891298
6.0,925,25794.005574665716
6.0,950,25979.48338191838
6.0,975,26166.84679435789
6.5,300,22693.015844400958
6.5,325,22639.12914682532
6.5,350,22666.569775178355
6.5,375,22691.67800219069
6.5,400,22745.64810007706
6.5,425,22824.12049179918
6.5,450,22921.808108548692
6.5,475,23034.66357076599
6.5,500,23153.408184937114
6.5,525,23289.64041734627
6.5,550,23433.943828432715
6.5,575,23584.962173535423
6.5,600,23741.689791620975
6.5,625,23741.689791620975
6.5,650,24068.195260888628
6.5,675,24238.748498644185
6.5,700,24411.579577310808
6.5,725,24587.271343474364
6.5,750,24765.51578476762
6.5,775,24946.04213619963
6.5,800,25128.618608914232
6.5,825,25313.045758392844
6.5,850,25498.645739395146
6.5,875,25686.0632880414
6.5,900,25860.717282592628
6.5,925,26050.154809783457
6.5,950,26241.64477359479
6.5,975,26434.30827030921
7.0,300,22815.187213902973
7.0,325,22769.18252301475
7.0,350,22804.58516462415
7.0,375,22837.594277336568
7.0,400,22898.87797070354
7.0,425,22984.138537935232
7.0,450,23088.24422988912
7.0,475,23199.471841962375
7.0,500,23332.034423366287
7.0,525,23474.20133108816
7.0,550,23624.249943154962
7.0,575,23780.938798613995
7.0,600,23780.938798613995
7.0,625,24109.485888049683
7.0,650,24281.892060829214
7.0,675,24456.99798040747
7.0,700,24635.32743182058
7.0,725,24816.5188835191
7.0,750,25000.258232919452
7.0,775,25186.278215227867
7.0,800,25374.350133961838
7.0,825,25564.277164082792
7.0,850,25755.889002208296
7.0,875,25948.215170571213
7.0,900,26127.839873357407
7.0,925,26322.726867438556
7.0,950,26519.7513712393
7.0,975,26717.973290393875
7.5,300,22949.275514703655
7.5,325,22911.459432604363
7.5,350,22954.410367568355
7.5,375,22994.915783625078
7.5,400,23063.253916592508
7.5,425,23155.179069989135
7.5,450,23255.934837217537
7.5,475,23383.118228602278
7.5,500,23521.90541633383
7.5,525,23670.062974277986
7.5,550,23826.032143004326
7.5,575,23826.032143004326
7.5,600,24155.798972753117
7.5,625,24329.785771995266
7.5,650,24507.012236258015
7.5,675,24687.898240421197
7.5,700,24872.01457885143
7.5,725,25058.99348159045
7.5,750,25248.52410110647
7.5,775,25440.34205429195
7.5,800,25634.22107820879
7.5,825,25829.966420536628
7.5,850,26027.40955930649
7.5,875,26210.129220445702
7.5,900,26409.249049217746
7.5,925,26610.901793605623
7.5,950,26813.89941427132
7.5,975,27018.03966956593
8.0,300,23110.029736773726
8.0,325,23112.199508664842
8.0,350,23119.596499990774
8.0,375,23163.592584666378
8.0,400,23238.368491807734
8.0,425,23336.878831630187
8.0,450,23444.220420303758
8.0,475,23577.731212042145
8.0,500,23722.754361669384
8.0,525,23877.08858178644
8.0,550,24039.19396259744
8.0,575,24207.8650479547
8.0,600,24382.14056673043
8.0,625,24561.24422490716
8.0,650,24744.542147437198
8.0,675,24931.511615345626
8.0,700,25121.717724606562
8.0,725,25314.795707707683
8.0,750,25510.437370377884
8.0,775,25708.380563466297
8.0,800,25908.400923580277
8.0,825,26110.305330390052
8.0,850,26296.84441677975
8.0,875,26500.5930653112
8.0,900,26707.118950346015
8.0,925,26915.130432669663
8.0,950,27124.39945859528
8.0,975,27334.822144230762
8.5,300,23269.62127856617
8.5,325,23276.434309622386
8.5,350,23291.035783356565
8.5,375,23342.17507524001
8.5,400,23423.824647770583
8.5,425,23529.013707410322
8.5,450,23643.055282728335
8.5,475,23783.056810529008
8.5,500,23934.514842261608
8.5,525,24095.251932438903
8.5,550,24095.251932438903
8.5,575,24437.734261827634
8.5,600,24619.427724821195
8.5,625,24804.921972233366
8.5,650,24994.608537092437
8.5,675,25187.978938423035
8.5,700,25384.601398241095
8.5,725,25584.11353598201
8.5,750,25786.209153999287
8.5,775,25990.627799794514
8.5,800,26197.146569477405
8.5,825,26387.63314747027
8.5,850,26596.193589218048
8.5,875,26807.805033395663
8.5,900,27021.06298746854
8.5,925,27235.709662249625
8.5,950,27451.627338222028
8.5,975,27668.72601515533
9.0,300,23439.97754582425
9.0,325,23451.193437718022
9.0,350,23472.78611963736
9.0,375,23530.980930808593
9.0,400,23619.5251269884
9.0,425,23719.20520349126
9.0,450,23852.090661915292
9.0,475,23999.07765191548
9.0,500,24157.21469741913
9.0,525,24157.21469741913
9.0,550,24498.840356183333
9.0,575,24681.475200369052
9.0,600,24868.81452459563
9.0,625,25060.99758841339
9.0,650,25257.403765538493
9.0,675,25457.51645868938
9.0,700,25660.905667416377
9.0,725,25867.210696035356
9.0,750,26076.126786709978
9.0,775,26287.39473165867
9.0,800,26481.94379804694
9.0,825,26695.487960526985
9.0,850,26912.38981261671
9.0,875,27131.122464713768
9.0,900,27351.393921872776
9.0,925,27573.07011338308
9.0,950,27796.049380050565
9.0,975,28020.24425874064
9.5,300,23620.83100225466
9.5,325,23636.220088695427
9.5,350,23664.66670262921
9.5,375,23729.90001760197
9.5,400,23825.416762969828
9.5,425,23932.26744006375
9.5,450,24071.97429798657
9.5,475,24225.886493424063
9.5,500,24390.956630795084
9.5,525,24390.956630795084
9.5,550,24746.3279644232
9.5,575,24936.11541600573
9.5,600,25130.47621264714
9.5,625,25329.704696965076
9.5,650,25533.186808831928
9.5,675,25740.40760663174
9.5,700,25950.938369474665
9.5,725,26164.41949947339
9.5,750,26380.547201590933
9.5,775,26599.06312622194
9.5,800,26799.909976477582
9.5,825,27020.577276446464
9.5,850,27244.790824484353
9.5,875,27470.90096035607
9.5,900,27698.593972173763
9.5,925,27927.732550352197
9.5,950,28158.214923055722
9.5,975,28389.95400210502
