2.0,300,9441.853769720901
2.0,325,8519.120130836644
2.0,350,7862.513128327586
2.0,375,7377.603722026644
2.0,400,7106.030776176221
2.0,425,6712.5162423629
2.0,450,6476.6814642868085
2.0,475,6285.817771205555
2.0,500,6128.195111274958
2.0,525,6001.05088908898
2.0,550,5892.445443766278
2.0,575,5802.023215558082
2.0,600,5726.958688082875
2.0,625,5664.81593825397
2.0,650,5613.642582610949
2.0,675,5571.866355155786
2.0,700,5538.2063555643945
2.0,725,5511.607546577583
2.0,750,5491.1923617712155
2.0,775,5476.224412834856
2.0,800,5466.080865707395
2.0,825,5460.231133322336
2.0,850,5458.220243055438
2.0,875,5459.655712385795
2.0,900,5464.266514327379
2.0,925,5474.422686429194
2.0,950,5488.618300105323
2.0,975,5504.575295372802
2.5,300,7389.649488568362
2.5,325,6850.357998675947
2.5,350,6566.500270398512
2.5,375,6139.2229625122345
2.5,400,5900.174450528605
2.5,425,5710.567375400189
2.5,450,5557.2176187885325
2.5,475,5436.555787501429
2.5,500,5335.039706418883
2.5,525,5252.245003783588
2.5,550,5185.032911854409
2.5,575,5130.756655944701
2.5,600,5087.33113638885
2.5,625,5053.102553597864
2.5,650,5026.741671990785
2.5,675,5007.166821249136
2.5,700,4993.488065988944
2.5,725,4984.966023149601
2.5,750,4980.980980442755
2.5,775,4981.009396673355
2.5,800,4984.605783237179
2.5,825,4991.388568722095
2.5,850,5001.028952493814
2.5,875,5013.24202925867
2.5,900,5027.779658654035
2.5,925,5044.424689634148
2.5,950,5062.986246705639
2.5,975,5083.295855723569
3.0,300,6300.819532504691
3.0,325,5924.138540713906
3.0,350,5638.3695188248785
3.0,375,5419.014281202713
3.0,400,5247.758868557718
3.0,425,5111.299895424053
3.0,450,5005.894794243242
3.0,475,4918.459025011289
3.0,500,4848.5439618094915
3.0,525,4793.106290056367
3.0,550,4749.617350960616
3.0,575,4716.100243509639
3.0,600,4690.996694346032
3.0,625,4673.061120851893
3.0,650,4661.284954099301
3.0,675,4654.8421526167585
3.0,700,4653.0492596674085
3.0,725,4655.3356203074245
3.0,750,4661.220835305573
3.0,775,4670.297461302683
3.0,800,4682.217574246859
3.0,825,4696.682218028016
3.0,850,4713.433035443585
3.0,875,4732.245569060116
3.0,900,4729.959120458163
3.0,925,4729.832431227105
3.0,950,4731.69499404819
3.0,975,4824.330689415487
3.5,300,5613.625156962629
3.5,325,5334.236447358555
3.5,350,5115.877463243641
3.5,375,4948.396487136342
3.5,400,4817.022347589394
3.5,425,4717.566778289793
3.5,450,4636.057395198188
3.5,475,4572.065328771714
3.5,500,4522.416259752692
3.5,525,4484.504802215535
3.5,550,4456.3154982834385
3.5,575,4436.274749780199
3.5,600,4423.135280106275
3.5,625,4415.607994642901
3.5,650,4413.526278659656
3.5,675,4415.842225849825
3.5,700,4422.001476672373
3.5,725,4431.540411882715
3.5,750,4444.067360899264
3.5,775,4459.249081581562
3.5,800,4476.796441390785
3.5,825,4475.029874959574
3.5,850,4475.589790647406
3.5,875,4541.165587705426
3.5,900,4566.185133731079
3.5,925,4592.470744384658
3.5,950,4620.054111021714
3.5,975,4648.822309655357
4.0,300,5154.878305647806
4.0,325,4924.993254718667
4.0,350,4750.194397759278
4.0,375,4616.796179512918
4.0,400,4516.985904526321
4.0,425,4435.96833560043
4.0,450,4373.362950584128
4.0,475,4325.669919953458
4.0,500,4290.048431742568
4.0,525,4264.3297714162945
4.0,550,4246.841476069457
4.0,575,4235.827066105885
4.0,600,4231.238155550439
4.0,625,4231.662515843414
4.0,650,4236.4146115070225
4.0,675,4244.931990896479
4.0,700,4256.746062723538
4.0,725,4271.46314323575
4.0,750,4288.7499892095075
4.0,775,4288.077242329198
4.0,800,4289.813837775264
4.0,825,4353.180443087373
4.0,850,4378.444009230639
4.0,875,4405.019171584465
4.0,900,4432.949647572988
4.0,925,4462.111030831434
4.0,950,4492.395000917429
4.0,975,4523.705596811464
4.5,300,4816.595441176434
4.5,325,4626.495556070207
4.5,350,4482.561325707832
4.5,375,4377.001912429554
4.5,400,4291.991714381375
4.5,425,4227.174021967708
4.5,450,4178.497971216731
4.5,475,4142.71490108197
4.5,500,4117.384407051346
4.5,525,4099.969840711211
4.5,550,4090.5578923156563
4.5,575,4087.1540386049896
4.5,600,4088.8572969802517
4.5,625,4094.946008027603
4.5,650,4104.829189253874
4.5,675,4118.017920085298
4.5,700,4134.1040970079885
4.5,725,4133.483937154576
4.5,750,4135.4353648923125
4.5,775,4196.36129987063
4.5,800,4221.282209819952
4.5,825,4247.6201100685585
4.5,850,4275.379825216081
4.5,875,4304.47346774438
4.5,900,4334.7710603431915
4.5,925,4366.157977268813
4.5,950,4398.538699192572
4.5,975,4431.8287052121605
5.0,300,4560.740988274412
5.0,325,4399.054835430489
5.0,350,4283.507742937339
5.0,375,4190.160030579088
5.0,400,4119.724277505037
5.0,425,4067.4010304041108
5.0,450,4029.320283637305
5.0,475,4002.6233666432818
5.0,500,3984.3665643193362
5.0,525,3974.732336525401
5.0,550,3971.43275226253
5.0,575,3973.472745076836
5.0,600,3980.065537562759
5.0,625,3990.5727336849463
5.0,650,4004.4704993573823
5.0,675,4021.324817856208
5.0,700,4022.2301398313894
5.0,725,4062.4022261208966
5.0,750,4086.2733466762493
5.0,775,4111.846952535127
5.0,800,4139.036486153278
5.0,825,4167.678456990687
5.0,850,4197.590485860991
5.0,875,4228.709743704339
5.0,900,4260.913013558216
5.0,925,4294.096739347179
5.0,950,4328.175304777138
5.0,975,4363.072940927478
5.5,300,4361.417631556253
5.5,325,4221.408685980887
5.5,350,4122.546569896975
5.5,375,4043.4143427095937
5.5,400,3984.7155403781517
5.5,425,3942.200593062756
5.5,450,3912.448388395327
5.5,475,3891.9429993062304
5.5,500,3880.9683149715706
5.5,525,3876.83205521485
5.5,550,3878.4039523688293
5.5,575,3884.8038045224826
5.5,600,3895.324930036978
5.5,625,3909.392844343845
5.5,650,3908.7896064318124
5.5,675,3946.2581015384903
5.5,700,3968.5420456065735
5.5,725,3992.8041660083527
5.5,750,4018.910134170641
5.5,775,4046.6604336465853
5.5,800,4075.882626915982
5.5,825,4106.427580475608
5.5,850,4138.165660554691
5.5,875,4170.925812633905
5.5,900,4204.709013959451
5.5,925,4239.393764786309
5.5,950,4274.895424383787
5.5,975,4309.896390634732
6.0,300,4202.588711438912
6.0,325,4087.5707276647163
6.0,350,3994.777432791896
6.0,375,3926.3549246960597
6.0,400,3876.981197041368
6.0,425,3842.347025467719
6.0,450,3818.117396270389
6.0,475,3804.684584680982
6.0,500,3798.8001586353357
6.0,525,3799.145204207548
6.0,550,3804.710768979073
6.0,575,3814.696586145822
6.0,600,3828.4589436227193
6.0,625,3828.263473706479
6.0,650,3865.207855196346
6.0,675,3887.6102761212846
6.0,700,3912.0764531982963
6.0,725,3938.453254310307
6.0,750,3966.5268896409316
6.0,775,3996.113644402759
6.0,800,4027.055429180081
6.0,825,4059.215465628705
6.0,850,4092.4748081556404
6.0,875,4126.660690597019
6.0,900,4161.80393525894
6.0,925,4197.779818155623
6.0,950,4233.24400508607
6.0,975,4270.6044732975815
6.5,300,4073.8985258645607
6.5,325,3972.0159724092287
6.5,350,3890.622246228125
6.5,375,3831.498630170996
6.5,400,3789.8220336051413
6.5,425,3761.6765896227
6.5,450,3743.0815035353417
6.5,475,3734.456405132235
6.5,500,3732.79313744689
6.5,525,3736.8817264862846
6.5,550,3745.795021400937
6.5,575,3758.7967215743247
6.5,600,3758.569811215856
6.5,625,3794.7030940592667
6.5,650,3816.9273404878086
6.5,675,3841.3377037705577
6.5,700,3867.7549566180337
6.5,725,3895.9464171409204
6.5,750,3925.7134281679573
6.5,775,3956.8859807813296
6.5,800,3989.317731070153
6.5,825,4022.8820153703605
6.5,850,4057.4686463848334
6.5,875,4092.981316940446
6.5,900,4129.24567174983
6.5,925,4165.063313468359
6.5,950,4202.814570084049
6.5,975,4241.289923118497
7.0,300,3968.2008518368593
7.0,325,3877.2712702773847
7.0,350,3805.2786259677964
7.0,375,3753.8772257421815
7.0,400,3718.624983679505
7.0,425,3694.3905399537516
7.0,450,3682.033087804201
7.0,475,3677.505919180103
7.0,500,3679.4248254376034
7.0,525,3686.7005954370516
7.0,550,3698.473938342442
7.0,575,3697.8078450229473
7.0,600,3732.815139409812
7.0,625,3754.573063862704
7.0,650,3778.68045474675
7.0,675,3804.9226340051064
7.0,700,3833.042594551038
7.0,725,3862.822516254817
7.0,750,3894.07711127615
7.0,775,3926.6477666330147
7.0,800,3960.397903287194
7.0,825,3995.209274100628
7.0,850,4030.978985783956
7.0,875,4067.617084411396
7.0,900,4103.633536407186
7.0,925,4141.68428327229
7.0,950,4180.496571281605
7.0,975,4219.922078267558
7.5,300,3880.5982350312474
7.5,325,3798.865916317198
7.5,350,3734.7787185036677
7.5,375,3689.8979989578224
7.5,400,3660.095576193759
7.5,425,3640.5918963208624
7.5,450,3632.2000016181096
7.5,475,3631.161649326131
7.5,500,3636.1685182930487
7.5,525,3646.202620723582
7.5,550,3660.4602187509854
7.5,575,3678.3012107986888
7.5,600,3699.209360741124
7.5,625,3722.7635581686263
7.5,650,3748.616769373416
7.5,675,3776.4803696650197
7.5,700,3806.112309350705
7.5,725,3837.3080567959205
7.5,750,3869.8935836746386
7.5,775,3903.7198725880817
7.5,800,3938.658573709467
7.5,825,3974.5985385666827
7.5,850,4011.4430304295506
7.5,875,4047.652202357516
7.5,900,4085.9561034242033
7.5,925,4125.051116346123
7.5,950,4164.779449100669
7.5,975,4205.079431895393
8.0,300,3807.4871446816187
8.0,325,3733.581359328763
8.0,350,3676.2351904188863
8.0,375,3636.937878032558
8.0,400,3611.8233025910704
8.0,425,3596.4060292292443
8.0,450,3591.456792509174
8.0,475,3593.4584697031164
8.0,500,3601.1665144142066
8.0,525,3613.6227766732213
8.0,550,3614.186918077935
8.0,575,3649.807711993976
8.0,600,3672.641499161966
8.0,625,3697.883129717171
8.0,650,3725.300230673507
8.0,675,3754.6212384971523
8.0,700,3785.6175721475297
8.0,725,3818.0960106445154
8.0,750,3851.8921071648324
8.0,775,3886.8650167062337
8.0,800,3922.893403726803
8.0,825,3959.872174907204
8.0,850,3997.709848706477
8.0,875,4034.8348568264128
8.0,900,4074.0446097600534
8.0,925,4114.018968107004
8.0,950,4154.5974490562585
8.0,975,4195.720147379737
8.5,300,3748.829748299242
8.5,325,3679.234419799974
8.5,350,3627.5234029682024
8.5,375,3593.0411633574204
8.5,400,3570.176352498953
8.5,425,3560.1419919660325
8.5,450,3558.238277328207
8.5,475,3562.9233159552523
8.5,500,3573.024787627872
8.5,525,3587.636032492953
8.5,550,3606.0398736052152
8.5,575,3627.664473033028
8.5,600,3652.048194564806
8.5,625,3678.814145310886
8.5,650,3707.651499182888
8.5,675,3738.3015755986125
8.5,700,3770.547311489892
8.5,725,3804.205195014877
8.5,750,3839.1190119137646
8.5,775,3875.1549447018347
8.5,800,3912.1976940127065
8.5,825,3950.14738097369
8.5,850,3987.3673277650005
8.5,875,4026.7528731687416
8.5,900,4066.9431611229456
8.5,925,4107.7657686141865
8.5,950,4149.155953267663
8.5,975,4191.065765846345
9.0,300,3697.578100083794
9.0,325,3633.6267544275825
9.0,350,3586.960754519566
9.0,375,3556.7132253611317
9.0,400,3537.5206487092623
9.0,425,3530.567806389232
9.0,450,3531.3524599366297
9.0,475,3538.431963531059
9.0,500,3550.679080103635
9.0,525,3551.5848817616006
9.0,550,3587.3064350639543
9.0,575,3610.652278598446
9.0,600,3636.539362998044
9.0,625,3664.7027925669877
9.0,650,3694.8470399707007
9.0,675,3726.7253799703317
9.0,700,3760.1307256419977
9.0,725,3794.8879689759196
9.0,750,3830.8480271439007
9.0,775,3867.8831749364012
9.0,800,3905.8833496423026
9.0,825,3943.1389907354524
9.0,850,3982.653119116789
9.0,875,4023.019649277349
9.0,900,4064.0526212844775
9.0,925,4105.681571028603
9.0,950,4147.85478007277
9.0,975,4190.5276495542375
9.5,300,3654.5852983006675
9.5,325,3595.5418998578207
9.5,350,3553.309006752003
9.5,375,3526.8046948870106
9.5,400,3510.8750658060453
9.5,425,3506.6761491699995
9.5,450,3509.8743048160486
9.5,475,3519.113614156303
9.5,500,3533.3051074256214
9.5,525,3551.6231624291095
9.5,550,3573.414239030944
9.5,575,3598.1568649490127
9.5,600,3625.4298094665346
9.5,625,3654.8889893334763
9.5,650,3686.2505091643034
9.5,675,3719.278008756457
9.5,700,3753.7730870249834
9.5,725,3789.567959957899
9.5,750,3826.5197649180254
9.5,775,3864.5060945785467
9.5,800,3901.7366169636657
9.5,825,3941.331062463987
9.5,850,3981.833793505656
9.5,875,4023.0435890892313
9.5,900,4064.883253276682
9.5,925,4107.296582745136
9.5,950,4150.2353948387945
9.5,975,4193.657106339377
