2.0,300,14017.992336914347
2.0,325,11836.058035333215
2.0,350,10550.512792576526
2.0,375,9682.095047325753
2.0,400,9051.88447858719
2.0,425,8570.837149937486
2.0,450,8293.180342020158
2.0,475,7890.5579676424795
2.0,500,7646.262050069485
2.0,525,7443.853593372692
2.0,550,7276.443048145439
2.0,575,7140.46472439313
2.0,600,7023.728303753126
2.0,625,6926.071676208442
2.0,650,6844.716211469008
2.0,675,6777.198142709394
2.0,700,6721.517389444169
2.0,725,6676.047662918496
2.0,750,6639.452767034045
2.0,775,6610.6236027736495
2.0,800,6588.631089396958
2.0,825,6572.690512431391
2.0,850,6562.134146351534
2.0,875,6556.389963891737
2.0,900,6554.964889343598
2.0,925,6557.4314898141865
2.0,950,6563.360943758887
2.0,975,6577.429927782882
2.5,300,9850.236653652893
2.5,325,8901.928105115734
2.5,350,8236.837715519816
2.5,375,7747.759111950028
2.5,400,7375.373368526157
2.5,425,7084.511863375697
2.5,450,6851.862917306446
2.5,475,6665.594800712688
2.5,500,6513.299976305726
2.5,525,6392.2009239065665
2.5,550,6289.955921199902
2.5,575,6206.244427880437
2.5,600,6138.184447772568
2.5,625,6083.283925257376
2.5,650,6039.5461825012735
2.5,675,6005.3647140576595
2.5,700,5979.431850334464
2.5,725,5960.671322947305
2.5,750,5948.188505016382
2.5,775,5941.233139817994
2.5,800,5939.171003680864
2.5,825,5941.462069902386
2.5,850,5947.643478021742
2.5,875,5957.31610552582
2.5,900,5970.1338747437785
2.5,925,5985.7951605449525
2.5,950,6004.035828645494
2.5,975,6024.623551822934
3.0,300,8068.768915214286
3.0,325,7467.939223618911
3.0,350,7164.5791892434245
3.0,375,6693.400912513487
3.0,400,6436.952919673157
3.0,425,6235.654797671599
3.0,450,6074.371370465852
3.0,475,5949.3032223086375
3.0,500,5844.990971403351
3.0,525,5761.111523062002
3.0,550,5694.222795900878
3.0,575,5641.401485215839
3.0,600,5600.34989544796
3.0,625,5569.251824376624
3.0,650,5546.652057693028
3.0,675,5531.36960775699
3.0,700,5522.435106668632
3.0,725,5519.044835213764
3.0,750,5520.526387374649
3.0,775,5526.312632456491
3.0,800,5535.921700314638
3.0,825,5548.941408306105
3.0,850,5565.017010479656
3.0,875,5583.84146360162
3.0,900,5605.147622091995
3.0,925,5601.845376728667
3.0,950,5654.309363873999
3.0,975,5655.041480809724
3.5,300,7035.929359634693
3.5,325,6741.397912499778
3.5,350,6273.848682236747
3.5,375,6026.666067279417
3.5,400,5834.441279202724
3.5,425,5684.903659221289
3.5,450,5570.146675477152
3.5,475,5475.636291465778
3.5,500,5401.037132377023
3.5,525,5342.867601114058
3.5,550,5298.209087259014
3.5,575,5264.787400656171
3.5,600,5240.818243776969
3.5,625,5224.8813401013385
3.5,650,5215.830822328286
3.5,675,5212.731134398344
3.5,700,5214.810327864478
3.5,725,5221.425421112219
3.5,750,5232.036295609829
3.5,775,5246.185746304481
3.5,800,5263.484041718337
3.5,825,5283.596837508198
3.5,850,5281.316745748409
3.5,875,5281.813019305926
3.5,900,5357.973781578928
3.5,925,5386.961067244654
3.5,950,5417.495851664407
3.5,975,5449.581035836978
4.0,300,6354.032603803016
4.0,325,6016.51385314958
4.0,350,5760.057469614904
4.0,375,5566.2225982549435
4.0,400,5417.125401011024
4.0,425,5304.778181144249
4.0,450,5213.218591620731
4.0,475,5142.124061167467
4.0,500,5087.756544856295
4.0,525,5047.018435893937
4.0,550,5017.523307665787
4.0,575,4997.418214249573
4.0,600,4985.241734131618
4.0,625,4979.824342757359
4.0,650,4980.218054703346
4.0,675,4985.645735404106
4.0,700,4995.463880783333
4.0,725,5009.134821007818
4.0,750,5026.205649415597
4.0,775,5022.958576216886
4.0,800,5022.817131288146
4.0,825,5025.498984786651
4.0,850,5121.296710714863
4.0,875,5150.870291894117
4.0,900,5181.924245955539
4.0,925,5214.577731872969
4.0,950,5248.689278287914
4.0,975,5284.132367112217
4.5,300,5862.9100139979855
4.5,325,5596.603397013996
4.5,350,5388.961465240771
4.5,375,5231.97590805105
4.5,400,5115.889002939087
4.5,425,5022.061653273063
4.5,450,4950.199091552485
4.5,475,4896.087424906506
4.5,500,4856.273112363442
4.5,525,4828.132404204955
4.5,550,4809.6548120117395
4.5,575,4799.272933346987
4.5,600,4795.745079306982
4.5,625,4797.806339147717
4.5,650,4805.259774702013
4.5,675,4817.074963988726
4.5,700,4832.701681988152
4.5,725,4851.679259976558
4.5,750,4851.389056820226
4.5,775,4898.059429509223
4.5,800,4925.068312004225
4.5,825,4954.066502893102
4.5,850,4984.965088393154
4.5,875,5017.574327985529
4.5,900,5051.732656422026
4.5,925,5087.298349419245
4.5,950,5124.146440394696
4.5,975,5162.166306072444
5.0,300,5512.795709383234
5.0,325,5281.7774187454215
5.0,350,5108.116409140761
5.0,375,4977.73470862444
5.0,400,4882.455932263325
5.0,425,4806.533521600521
5.0,450,4749.711140246183
5.0,475,4708.360490898114
5.0,500,4679.516894207429
5.0,525,4660.918440536226
5.0,550,4650.823952438036
5.0,575,4647.427476261586
5.0,600,4650.646553449036
5.0,625,4659.028534051237
5.0,650,4671.864287168388
5.0,675,4688.572354371943
5.0,700,4687.513760958166
5.0,725,4689.746188935615
5.0,750,4757.21816905522
5.0,775,4785.522412168884
5.0,800,4815.642742526139
5.0,825,4847.651170413059
5.0,850,4881.3622855527365
5.0,875,4916.603082320892
5.0,900,4953.22975038574
5.0,925,4991.116191490915
5.0,950,5030.151145373306
5.0,975,5068.739985910143
5.5,300,5236.416379977642
5.5,325,5037.803399815464
5.5,350,4890.970895021615
5.5,375,4784.9237551488095
5.5,400,4700.723828864782
5.5,425,4638.185803434613
5.5,450,4592.962633284842
5.5,475,4561.536789526623
5.5,500,4541.269745454829
5.5,525,4529.447834941435
5.5,550,4526.134619623889
5.5,575,4529.199368060459
5.5,600,4537.67798552832
5.5,625,4550.800263382998
5.5,650,4567.936411454963
5.5,675,4568.169289548868
5.5,700,4612.128971363514
5.5,725,4638.638137807353
5.5,750,4667.410050345023
5.5,775,4698.303274166785
5.5,800,4731.093333758777
5.5,825,4765.522530222897
5.5,850,4801.524444709374
5.5,875,4838.923627092728
5.5,900,4877.581128240479
5.5,925,4917.382691407704
5.5,950,4956.724612790097
5.5,975,4998.453143251763
6.0,300,5017.689564272367
6.0,325,4844.969005400049
6.0,350,4717.190228612208
6.0,375,4626.545115431533
6.0,400,4555.524784211122
6.0,425,4503.98779956591
6.0,450,4468.052638693669
6.0,475,4444.5827359459145
6.0,500,4430.3445992196275
6.0,525,4425.50074342858
6.0,550,4427.543526015365
6.0,575,4435.379886234695
6.0,600,4448.148923976731
6.0,625,4465.1535309693945
6.0,650,4466.069233452536
6.0,675,4509.5575237686235
6.0,700,4536.341428348564
6.0,725,4565.46806297262
6.0,750,4596.7779864029935
6.0,775,4630.03271351394
6.0,800,4665.026229172362
6.0,825,4701.506648699645
6.0,850,4739.444529532526
6.0,875,4778.666486928612
6.0,900,4819.044215147252
6.0,925,4858.9542700207185
6.0,950,4901.266907928868
6.0,975,4944.550875714369
6.5,300,4841.213549714164
6.5,325,4688.403310751952
6.5,350,4582.714253082366
6.5,375,4498.929851559162
6.5,400,4438.101741631476
6.5,425,4395.459665103502
6.5,450,4367.108488517498
6.5,475,4350.166896171278
6.5,500,4341.682894174361
6.5,525,4341.831566411673
6.5,550,4348.309948061631
6.5,575,4360.119979616558
6.5,600,4376.473804285966
6.5,625,4377.548880375174
6.5,650,4420.247509112469
6.5,675,4446.958129881889
6.5,700,4476.131711573423
6.5,725,4507.583423136621
6.5,750,4541.055886218689
6.5,775,4576.328086495995
6.5,800,4613.210129758991
6.5,825,4651.537958294889
6.5,850,4691.068918175913
6.5,875,4731.857926847702
6.5,900,4772.186730427569
6.5,925,4814.952677220992
6.5,950,4858.707703705327
6.5,975,4903.285976536554
7.0,300,4696.6217715835755
7.0,325,4560.100189487868
7.0,350,4466.968310885887
7.0,375,4393.902303121297
7.0,400,4341.942370136203
7.0,425,4306.729424780158
7.0,450,4284.704406236091
7.0,475,4272.221881582515
7.0,500,4269.565702532453
7.0,525,4273.939235419313
7.0,550,4284.172511003992
7.0,575,4299.357486064979
7.0,600,4300.115460835745
7.0,625,4341.686095216366
7.0,650,4367.994077277635
7.0,675,4396.928915464687
7.0,700,4428.271063177809
7.0,725,4461.738638087187
7.0,750,4497.091214903053
7.0,775,4534.123374345321
7.0,800,4572.658560446172
7.0,825,4612.54417541361
7.0,850,4653.647644672951
7.0,875,4695.7266303220285
7.0,900,4737.3669580423075
7.0,925,4781.389736162411
7.0,950,4826.349488746653
7.0,975,4872.081408481529
7.5,300,4576.821305360982
7.5,325,4453.848871426366
7.5,350,4371.198294085153
7.5,375,4307.098140762149
7.5,400,4262.588800650046
7.5,425,4233.646601452321
7.5,450,4215.710619773949
7.5,475,4209.195886828364
7.5,500,4210.632779942728
7.5,525,4218.617904186936
7.5,550,4232.083386793596
7.5,575,4232.0662296580695
7.5,600,4272.127614973913
7.5,625,4297.701300586337
7.5,650,4326.115755044191
7.5,675,4357.104558768504
7.5,700,4390.354591475456
7.5,725,4425.600833063231
7.5,750,4462.618235804712
7.5,775,4501.214460689012
7.5,800,4541.2241328250875
7.5,825,4582.504270079645
7.5,850,4624.930613917157
7.5,875,4666.683770794442
7.5,900,4710.959992214007
7.5,925,4756.229498098922
7.5,950,4802.29797387755
7.5,975,4849.086808281518
8.0,300,4479.4197787489
8.0,325,4373.774023615797
8.0,350,4292.231245303118
8.0,375,4235.007960472224
8.0,400,4196.764630474083
8.0,425,4173.184475052375
8.0,450,4159.932560299986
8.0,475,4157.422613662996
8.0,500,4162.389050206853
8.0,525,4173.517752117167
8.0,550,4189.807555357468
8.0,575,4210.465313509247
8.0,600,4234.85355526366
8.0,625,4262.453809572024
8.0,650,4292.839920899437
8.0,675,4325.658281196756
8.0,700,4360.6129605341885
8.0,725,4397.454368652301
8.0,750,4435.9705016802345
8.0,775,4475.980108483413
8.0,800,4517.327300822915
8.0,825,4559.877262224461
8.0,850,4601.747912940462
8.0,875,4646.223410966097
8.0,900,4691.736654682915
8.0,925,4738.080481228977
8.0,950,4785.170637671849
8.0,975,4832.9431558087645
8.5,300,4395.66899376521
8.5,325,4298.9754391924225
8.5,350,4225.400980839503
8.5,375,4174.761239424373
8.5,400,4142.006803052958
8.5,425,4123.085596869568
8.5,450,4113.91654665078
8.5,475,4114.911286980462
8.5,500,4122.978964599177
8.5,525,4136.880657064679
8.5,550,4137.95149118152
8.5,575,4178.486853823126
8.5,600,4205.070125392891
8.5,625,4234.587961045557
8.5,650,4266.748838877833
8.5,675,4301.219445586858
8.5,700,4337.719638972507
8.5,725,4376.013039467574
8.5,750,4415.898803548398
8.5,775,4457.205175464517
8.5,800,4499.784398206479
8.5,825,4541.68256476022
8.5,850,4586.282740549251
8.5,875,4631.974968901146
8.5,900,4678.5373271061935
8.5,925,4725.8787952586135
8.5,950,4773.930796071104
8.5,975,4822.633990934116
9.0,300,4325.054406815491
9.0,325,4236.046498973682
9.0,350,4169.357103164459
9.0,375,4124.435597765984
9.0,400,4096.472816006813
9.0,425,4080.0260473714634
9.0,450,4076.024741874254
9.0,475,4080.1641279871546
9.0,500,4090.9903049993804
9.0,525,4090.2222400721153
9.0,550,4128.306025044489
9.0,575,4153.377026873703
9.0,600,4181.727189544591
9.0,625,4212.9827373708085
9.0,650,4246.760998250402
9.0,675,4282.743642410278
9.0,700,4320.664069103503
9.0,725,4360.29728778735
9.0,750,4401.45208666332
9.0,775,4443.964912068582
9.0,800,4485.800906012551
9.0,825,4530.451852963261
9.0,850,4576.259740048813
9.0,875,4622.985836454252
9.0,900,4670.531084296952
9.0,925,4718.821365261567
9.0,950,4767.792888522298
9.0,975,4817.389288906227
9.5,300,4265.430149491021
9.5,325,4183.0656136071575
9.5,350,4122.379869701223
9.5,375,4082.473109082396
9.5,400,4058.7346242504846
9.5,425,4045.9941834509304
9.5,450,4045.115398407122
9.5,475,4052.0281528125897
9.5,500,4065.331643120254
9.5,525,4066.498767072346
9.5,550,4106.894893677321
9.5,575,4133.84736428623
9.5,600,4163.91784401125
9.5,625,4196.770714502512
9.5,650,4232.040993974981
9.5,675,4269.424504444429
9.5,700,4308.666422024984
9.5,725,4349.551649077918
9.5,750,4391.89734740631
9.5,775,4435.547100102394
9.5,800,4478.408059660874
9.5,825,4524.089103986627
9.5,850,4570.901404794966
9.5,875,4618.600241978695
9.5,900,4667.088107570422
9.5,925,4716.293628178354
9.5,950,4766.155681832996
9.5,975,4816.620309818767
