2.0,300,42196.604597194964
2.0,325,39106.74789335514
2.0,350,37346.50354865998
2.0,375,36211.55384457749
2.0,400,35434.96460937176
2.0,425,34878.05458079659
2.0,450,34766.044604112096
2.0,475,34179.21762429723
2.0,500,33974.46828435782
2.0,525,33827.167777394556
2.0,550,33731.68443916006
2.0,575,33690.23272505787
2.0,600,33668.21203958306
2.0,625,33673.692285775134
2.0,650,33703.37373311203
2.0,675,33753.58663219257
2.0,700,33821.30158378216
2.0,725,33904.0635999489
2.0,750,33999.86562326954
2.0,775,34107.04930312533
2.0,800,34224.23105622624
2.0,825,34350.24646768286
2.0,850,34484.10788224055
2.0,875,34624.97162127219
2.0,900,34772.11233419803
2.0,925,34924.902713031755
2.0,950,35084.55006229939
2.0,975,35270.95454281642
2.5,300,36836.58375034378
2.5,325,35498.38843842127
2.5,350,34598.6545890848
2.5,375,33977.3302676706
2.5,400,33541.69722041762
2.5,425,33235.37430814127
2.5,450,33017.768305158526
2.5,475,32876.13978477304
2.5,500,32784.89463327351
2.5,525,32751.007604636583
2.5,550,32737.05767808777
2.5,575,32751.654375323535
2.5,600,32791.077327569
2.5,625,32851.35103381721
2.5,650,32929.243522995144
2.5,675,33022.16512898146
2.5,700,33128.01936657238
2.5,725,33245.08922150566
2.5,750,33371.95363203317
2.5,775,33507.42541446217
2.5,800,33650.50440601317
2.5,825,33800.34158651765
2.5,850,33956.211253358415
2.5,875,34117.48919265628
2.5,900,34283.63537551103
2.5,925,34454.180110786445
2.5,950,34628.71286755108
2.5,975,34806.873180336705
3.0,300,34668.238009861285
3.0,325,33822.08968905672
3.0,350,33696.56400982675
3.0,375,32822.27230873196
3.0,400,32542.86969341646
3.0,425,32356.075100280614
3.0,450,32232.145245316868
3.0,475,32179.84827636785
3.0,500,32149.581177699714
3.0,525,32152.734349167906
3.0,550,32184.615664272522
3.0,575,32240.25049506835
3.0,600,32315.667686533932
3.0,625,32407.743881341634
3.0,650,32513.99253377489
3.0,675,32632.407237429197
3.0,700,32761.349338091648
3.0,725,32899.46615076549
3.0,750,33045.63037766969
3.0,775,33198.89449771303
3.0,800,33358.45592923781
3.0,825,33523.63007670291
3.0,850,33693.82923421575
3.0,875,33868.54589914
3.0,900,34047.33944717393
3.0,925,34047.33944717393
3.0,950,34416.723622148915
3.0,975,34416.723622148915
3.5,300,33476.76549474108
3.5,325,33369.0562655338
3.5,350,32432.892609582595
3.5,375,32143.385906763815
3.5,400,31947.80468483051
3.5,425,31830.542617166975
3.5,450,31783.260180996887
3.5,475,31758.008514633948
3.5,500,31767.18492975649
3.5,525,31805.750876297083
3.5,550,31868.44720509001
3.5,575,31951.11408110668
3.5,600,32050.505597363164
3.5,625,32164.055645477514
3.5,650,32289.70646970647
3.5,675,32425.786856844454
3.5,700,32570.924222088208
3.5,725,32723.97996123996
3.5,750,32884.001100713744
3.5,775,33050.18359018149
3.5,800,33221.84405912252
3.5,825,33398.39782301789
3.5,850,33398.39782301789
3.5,875,33398.39782301789
3.5,900,33952.679382964074
3.5,925,34144.43809483327
3.5,950,34339.09908695602
3.5,975,34536.463578704934
4.0,300,32734.70001022402
4.0,325,32265.57785229849
4.0,350,31930.664024008827
4.0,375,31715.339578321004
4.0,400,31583.506114758915
4.0,425,31529.8555238979
4.0,450,31499.117865155513
4.0,475,31505.64586483787
4.0,500,31543.751850184108
4.0,525,31607.542412807627
4.0,550,31692.406212454865
4.0,575,31794.784388498945
4.0,600,31911.89099544796
4.0,625,32041.511296703684
4.0,650,32181.860382467807
4.0,675,32331.482356545803
4.0,700,32489.176992572087
4.0,725,32653.945400977027
4.0,750,32824.949131323956
4.0,775,32824.949131323956
4.0,800,32824.949131323956
4.0,825,32824.949131323956
4.0,850,33557.56394735651
4.0,875,33751.961986110444
4.0,900,33948.59643527308
4.0,925,34148.14889789677
4.0,950,34350.377452465254
4.0,975,34555.05320322643
4.5,300,32220.910158431063
4.5,325,31873.13571873044
4.5,350,31612.318990583604
4.5,375,31450.42990408459
4.5,400,31380.261068924414
4.5,425,31334.709873685093
4.5,450,31331.143892334276
4.5,475,31362.872300577248
4.5,500,31422.97369197406
4.5,525,31506.10003993107
4.5,550,31608.180884917216
4.5,575,31726.069365525116
4.5,600,31857.290977437493
4.5,625,31999.275290891965
4.5,650,32152.125676063195
4.5,675,32313.332856403755
4.5,700,32481.834992146058
4.5,725,32656.74727927326
4.5,750,32656.74727927326
4.5,775,33021.96448302392
4.5,800,33211.5782673092
4.5,825,33405.533750268805
4.5,850,33603.179195035715
4.5,875,33804.120458691
4.5,900,34008.04810372427
4.5,925,34214.69234655
4.5,950,34423.81578238626
4.5,975,34635.20861512059
5.0,300,31938.668399236623
5.0,325,31618.157228528464
5.0,350,31406.555108632623
5.0,375,31283.48120262376
5.0,400,31242.789996486637
5.0,425,31224.359541037444
5.0,450,31244.11475990105
5.0,475,31295.970216683967
5.0,500,31373.722639150954
5.0,525,31472.565845331228
5.0,550,31588.82471075959
5.0,575,31717.840569948028
5.0,600,31861.706170831014
5.0,625,32015.955716104276
5.0,650,32179.132002727813
5.0,675,32350.06247547359
5.0,700,32350.06247547359
5.0,725,32350.06247547359
5.0,750,32898.544730363574
5.0,775,33094.043166166084
5.0,800,33290.443392227375
5.0,825,33491.8498066743
5.0,850,33696.756565127645
5.0,875,33904.75622554605
5.0,900,34115.560144939365
5.0,925,34328.91792740184
5.0,950,34544.6091511755
5.0,975,34751.526857076184
5.5,300,31732.684391930095
5.5,325,31456.99217555042
5.5,350,31290.410232101643
5.5,375,31221.281920837308
5.5,400,31176.93077670107
5.5,425,31177.782911993807
5.5,450,31216.322923293348
5.5,475,31284.832078360407
5.5,500,31377.415235381457
5.5,525,31485.95617290089
5.5,550,31615.53732449496
5.5,575,31758.57356240964
5.5,600,31912.953499787127
5.5,625,32077.04770069519
5.5,650,32249.530317663444
5.5,675,32249.530317663444
5.5,700,32614.522480939097
5.5,725,32807.26198043661
5.5,750,33004.060393974876
5.5,775,33205.28527534085
5.5,800,33410.48253589607
5.5,825,33617.553855157545
5.5,850,33829.337499157715
5.5,875,34044.149185764254
5.5,900,34261.63116570934
5.5,925,34481.544704200176
5.5,950,34692.1948434969
5.5,975,34915.481174675486
6.0,300,31604.666564707546
6.0,325,31369.226532675024
6.0,350,31228.36517263444
6.0,375,31182.532436579066
6.0,400,31159.67805197928
6.0,425,31179.136576006014
6.0,450,31233.880407952314
6.0,475,31316.756479199532
6.0,500,31417.39330587415
6.0,525,31542.80073583756
6.0,550,31683.37359320322
6.0,575,31836.59497663485
6.0,600,32000.564302335035
6.0,625,32173.75146633483
6.0,650,32173.75146633483
6.0,675,32542.037380741473
6.0,700,32737.170516019
6.0,725,32936.73138093279
6.0,750,33141.03622060154
6.0,775,33349.582345596384
6.0,800,33561.92733399236
6.0,825,33775.87041224706
6.0,850,33994.50362303815
6.0,875,34216.055203634285
6.0,900,34440.17279881636
6.0,925,34654.544304724244
6.0,950,34882.174894324824
6.0,975,35112.66764477282
6.5,300,31535.65545917529
6.5,325,31329.05552786308
6.5,350,31250.481292262477
6.5,375,31191.41259617668
6.5,400,31183.623301320356
6.5,425,31218.801683619953
6.5,450,31287.718544321557
6.5,475,31383.365583057872
6.5,500,31495.896594353548
6.5,525,31632.06810228352
6.5,550,31782.69861881405
6.5,575,31945.410291037333
6.5,600,32118.400279862155
6.5,625,32118.400279862155
6.5,650,32488.708685215734
6.5,675,32685.764026044333
6.5,700,32887.73296609954
6.5,725,33094.84549153674
6.5,750,33306.53690296056
6.5,775,33522.31437832631
6.5,800,33741.755387919526
6.5,825,33964.49576394867
6.5,850,34188.132409472644
6.5,875,34416.352276177546
6.5,900,34634.45930432006
6.5,925,34866.491965997426
6.5,950,35101.571305445126
6.5,975,35338.674692412314
7.0,300,31511.89127119363
7.0,325,31330.66602703752
7.0,350,31272.245158429156
7.0,375,31231.900209231604
7.0,400,31240.417137173303
7.0,425,31289.900307332526
7.0,450,31371.619722983523
7.0,475,31472.699292439316
7.0,500,31602.338741073916
7.0,525,31748.691370063803
7.0,550,31908.830040297093
7.0,575,32080.592647086163
7.0,600,32080.592647086163
7.0,625,32451.512311084494
7.0,650,32649.968013395563
7.0,675,32853.96570500573
7.0,700,33063.6007190329
7.0,725,33278.22972034526
7.0,750,33497.29688884657
7.0,775,33720.32850774967
7.0,800,33946.918518416176
7.0,825,34176.716863638285
7.0,850,34409.42016222567
7.0,875,34642.38558882088
7.0,900,34866.5792204927
7.0,925,35105.3075265559
7.0,950,35347.12748545926
7.0,975,35590.94516525167
7.5,300,31526.29751683445
7.5,325,31366.590002564677
7.5,350,31325.9130555479
7.5,375,31302.10940819122
7.5,400,31325.226231228124
7.5,425,31387.71115366031
7.5,450,31472.919465811006
7.5,475,31593.240063187564
7.5,500,31733.2264958527
7.5,525,31889.19047848853
7.5,550,32058.487844039133
7.5,575,32058.487844039133
7.5,600,32428.360511570194
7.5,625,32627.599693516597
7.5,650,32833.18816803175
7.5,675,33045.01936982704
7.5,700,33262.35012075432
7.5,725,33484.54600188068
7.5,750,33711.06983963525
7.5,775,33941.46392187258
7.5,800,34175.335837224535
7.5,825,34412.34724157529
7.5,850,34652.20487004544
7.5,875,34878.255608120046
7.5,900,35121.37138754688
7.5,925,35368.1082787154
7.5,950,35617.02628664339
7.5,975,35867.82294187478
8.0,300,31588.05282800882
8.0,325,31487.44220747348
8.0,350,31412.82137258025
8.0,375,31398.549699140218
8.0,400,31434.35831550198
8.0,425,31508.831992389893
8.0,450,31605.355241433164
8.0,475,31736.02504529227
8.0,500,31885.786270735796
8.0,525,32051.07700581201
8.0,550,32229.339595873225
8.0,575,32418.564952886933
8.0,600,32617.147002594167
8.0,625,32823.78573191436
8.0,650,33037.417288905766
8.0,675,33257.16252154227
8.0,700,33482.28847879598
8.0,725,33712.17919667323
8.0,750,33946.31324465762
8.0,775,34184.24626719808
8.0,800,34425.597265218064
8.0,825,34670.03771201086
8.0,850,34900.030066117266
8.0,875,35147.95136359457
8.0,900,35399.78872525043
8.0,925,35653.98306940587
8.0,950,35910.198689241326
8.0,975,36168.26295893699
8.5,300,31664.235776430774
8.5,325,31576.585447571953
8.5,350,31517.146323430672
8.5,375,31516.685638112627
8.5,400,31564.918585886826
8.5,425,31650.77013364965
8.5,450,31758.110175738853
8.5,475,31898.78906594764
8.5,500,32058.09382616687
8.5,525,32232.565617482345
8.5,550,32232.565617482345
8.5,575,32616.71192417704
8.5,600,32824.620203856415
8.5,625,33039.56987953794
8.5,650,33261.36599217576
8.5,675,33489.16522145578
8.5,700,33722.2536461108
8.5,725,33960.03095200837
8.5,750,34201.988903183184
8.5,775,34447.694364021845
8.5,800,34696.775947118425
8.5,825,34930.76167953771
8.5,850,35183.594202385895
8.5,875,35440.6772323379
8.5,900,35700.32176426322
8.5,925,35962.15359393189
8.5,950,36225.98102264076
8.5,975,36491.652604087314
9.0,300,31764.321831092326
9.0,325,31688.189285632598
9.0,350,31642.623435914204
9.0,375,31655.00194353535
9.0,400,31714.969568116197
9.0,425,31799.353988943494
9.0,450,31929.155562898406
9.0,475,32080.013646588937
9.0,500,32248.763708517243
9.0,525,32248.763708517243
9.0,550,32627.787562003203
9.0,575,32835.02359092243
9.0,600,33050.63495990368
9.0,625,33274.011037351214
9.0,650,33504.14493724839
9.0,675,33740.19910524081
9.0,700,33981.47495056062
9.0,725,34227.385272907915
9.0,750,34477.43293796349
9.0,775,34731.19427929828
9.0,800,34969.21408715382
9.0,825,35227.05310632053
9.0,850,35489.520501822466
9.0,875,35754.78640254724
9.0,900,36022.43216513778
9.0,925,36292.24346326488
9.0,950,36564.052414215854
9.0,975,36837.71350791907
9.5,300,31885.906377660063
9.5,325,31820.061126009008
9.5,350,31787.338871953325
9.5,375,31811.82116288486
9.5,400,31883.023584425006
9.5,425,31978.363228415226
9.5,450,32118.078934652356
9.5,475,32278.641455630073
9.5,500,32456.806538495588
9.5,525,32456.806538495588
9.5,550,32853.79438185308
9.5,575,33070.100067495834
9.5,600,33294.455268136226
9.5,625,33526.474972128926
9.5,650,33765.17743721634
9.5,675,34009.74100338089
9.5,700,34259.480182196596
9.5,725,34513.81879688216
9.5,750,34772.26907358164
9.5,775,35034.41535864465
9.5,800,35279.592155873135
9.5,825,35545.56136447111
9.5,850,35816.341855893974
9.5,875,36089.95797855145
9.5,900,36365.96816915202
9.5,925,36644.15716332377
9.5,950,36924.35959226502
9.5,975,37206.432748330066
