2.0,300,36213.975944955644
2.0,325,34927.45521095304
2.0,350,34045.172761169386
2.0,375,33436.32642881758
2.0,400,33331.883253370936
2.0,425,32700.441183305233
2.0,450,32482.605985845352
2.0,475,32337.53202911973
2.0,500,32241.57525749314
2.0,525,32201.528531052696
2.0,550,32180.92788508975
2.0,575,32188.228203775638
2.0,600,32219.77318165147
2.0,625,32271.691307049554
2.0,650,32340.83743620101
2.0,675,32424.68939728181
2.0,700,32521.203375755016
2.0,725,32628.70403178841
2.0,750,32745.803724051413
2.0,775,32871.342392319784
2.0,800,33004.342120877656
2.0,825,33143.97230966066
2.0,850,33289.522636920956
2.0,875,33440.381830145896
2.0,900,33596.836170175084
2.0,925,33773.31454635644
2.0,950,33963.65787509947
2.0,975,34154.51038979506
2.5,300,33708.40126753605
2.5,325,32959.89452916615
2.5,350,32846.82283126664
2.5,375,32056.24095773254
2.5,400,31804.074054034183
2.5,425,31635.528418286056
2.5,450,31524.584914153085
2.5,475,31478.838655240033
2.5,500,31453.758498611987
2.5,525,31459.630539723425
2.5,550,31492.05814015785
2.5,575,31546.493388495997
2.5,600,31619.30674727296
2.5,625,31707.633956571855
2.5,650,31809.186879942252
2.5,675,31922.113621022334
2.5,700,32044.897745796454
2.5,725,32176.284585885012
2.5,750,32315.226406715046
2.5,775,32460.8409684916
2.5,800,32612.37976944474
2.5,825,32769.20340350856
2.5,850,32930.76222215769
2.5,875,33096.5810028706
2.5,900,33266.246680234115
2.5,925,33439.39844358257
2.5,950,33615.71968150323
2.5,975,33794.93138086598
3.0,300,32443.648180372074
3.0,325,31922.166099444617
3.0,350,31554.435197594445
3.0,375,31307.00219955975
3.0,400,31146.7600192007
3.0,425,31045.61164410125
3.0,450,31010.956325534928
3.0,475,30996.526177806743
3.0,500,31013.093578247783
3.0,525,31056.05343924957
3.0,550,31120.752201838215
3.0,575,31203.508708102614
3.0,600,31301.43725919861
3.0,625,31412.245900025522
3.0,650,31534.08926154113
3.0,675,31665.463369487108
3.0,700,31805.12922071819
3.0,725,31952.0562556492
3.0,750,32105.379866804567
3.0,775,32264.368996454956
3.0,800,32428.401108348924
3.0,825,32596.9426302001
3.0,850,32769.5335097553
3.0,875,32945.77490183056
3.0,900,32945.77490183056
3.0,925,32945.77490183056
3.0,950,32945.77490183056
3.0,975,33680.14193659334
3.5,300,31677.485770881834
3.5,325,31310.948168465104
3.5,350,31038.48885712078
3.5,375,30863.879959009853
3.5,400,30754.388328232868
3.5,425,30718.08891916257
3.5,450,30702.426624455245
3.5,475,30719.73819509581
3.5,500,30764.9095488908
3.5,525,30832.82869791981
3.5,550,30919.494017821467
3.5,575,31021.800045254367
3.5,600,31137.302318225993
3.5,625,31263.176635054515
3.5,650,31400.064401371113
3.5,675,31545.23649489603
3.5,700,31697.63488259526
3.5,725,31856.382403314637
3.5,750,32020.73986129693
3.5,775,32190.079675857745
3.5,800,32362.8204510728
3.5,825,32362.8204510728
3.5,850,32362.8204510728
3.5,875,32905.900908551135
3.5,900,33093.652765185485
3.5,925,33283.78828470537
3.5,950,33476.38037082735
3.5,975,33671.21055874325
4.0,300,31241.60014945986
4.0,325,30925.884815534595
4.0,350,30715.20324843318
4.0,375,30588.805807630994
4.0,400,30540.941273159733
4.0,425,30514.778874096017
4.0,450,30525.3125677713
4.0,475,30566.604850042575
4.0,500,30632.735257273358
4.0,525,30719.125305170623
4.0,550,30822.267825076473
4.0,575,30937.427106504347
4.0,600,31067.135558341382
4.0,625,31206.869554380923
4.0,650,31355.224880024798
4.0,675,31511.072115178744
4.0,700,31673.47339136592
4.0,725,31841.64279504306
4.0,750,32014.916627932886
4.0,775,32014.916627932886
4.0,800,32014.916627932886
4.0,825,32558.40586717719
4.0,850,32747.584324798387
4.0,875,32939.24796053485
4.0,900,33133.63044617249
4.0,925,33330.476638997345
4.0,950,33529.572127238374
4.0,975,33730.72752594324
4.5,300,30943.371684451984
4.5,325,30686.585833625795
4.5,350,30522.09740299268
4.5,375,30452.449884523427
4.5,400,30406.580576575012
4.5,425,30403.17374625896
4.5,450,30435.02942713799
4.5,475,30494.975403233642
4.5,500,30577.54496023911
4.5,525,30674.887686428614
4.5,550,30792.300871980922
4.5,575,30922.437388124195
4.5,600,31063.317775670836
4.5,625,31213.407710344094
4.5,650,31371.45622768787
4.5,675,31536.431685604723
4.5,700,31707.475422683412
4.5,725,31707.475422683412
4.5,750,31707.475422683412
4.5,775,32248.623953851056
4.5,800,32439.449039201587
4.5,825,32631.983379771897
4.5,850,32826.254645127396
4.5,875,33024.4437976519
4.5,900,33225.23164204665
4.5,925,33428.32708080668
4.5,950,33633.52988761221
4.5,975,33840.66475080078
5.0,300,30753.902256098405
5.0,325,30537.14985776163
5.0,350,30441.27113260633
5.0,375,30365.71262979522
5.0,400,30340.343133512884
5.0,425,30356.745778769888
5.0,450,30405.93796094828
5.0,475,30481.139256226215
5.0,500,30572.513366763687
5.0,525,30687.131810005565
5.0,550,30815.871093016834
5.0,575,30956.41666928882
5.0,600,31107.00838266363
5.0,625,31266.225315736756
5.0,650,31432.90569422556
5.0,675,31606.0900139621
5.0,700,31606.0900139621
5.0,725,31967.991463090624
5.0,750,32157.27346478359
5.0,775,32349.648380668572
5.0,800,32545.57592309909
5.0,825,32744.70827150768
5.0,850,32945.35976268946
5.0,875,33149.84679959818
5.0,900,33356.80706078459
5.0,925,33565.95814443882
5.0,950,33777.11189839555
5.0,975,33990.103804321596
5.5,300,30641.015324553897
5.5,325,30455.471443949413
5.5,350,30384.265107486815
5.5,375,30331.50393724814
5.5,400,30325.608469519248
5.5,425,30358.71769914668
5.5,450,30422.530400510044
5.5,475,30504.535387496282
5.5,500,30614.032751100633
5.5,525,30739.539707612137
5.5,550,30878.276271266328
5.5,575,31028.175107886782
5.5,600,31187.586382204558
5.5,625,31355.17430523161
5.5,650,31355.17430523161
5.5,675,31709.842284862996
5.5,700,31896.95906795614
5.5,725,32088.035005859874
5.5,750,32283.353774145435
5.5,775,32482.4676334794
5.5,800,32684.983667897577
5.5,825,32890.56268274873
5.5,850,33098.910429334515
5.5,875,33308.203830224214
5.5,900,33521.192950209865
5.5,925,33736.36305766688
5.5,950,33953.46056214709
5.5,975,34161.17482450826
6.0,300,30584.593420765385
6.0,325,30474.988714884697
6.0,350,30378.977547338385
6.0,375,30340.815446824126
6.0,400,30350.918664990437
6.0,425,30398.350004618114
6.0,450,30466.84409544289
6.0,475,30568.522391003222
6.0,500,30688.728193442643
6.0,525,30824.03391184776
6.0,550,30971.95608382944
6.0,575,31130.5389696675
6.0,600,31298.21668014845
6.0,625,31298.21668014845
6.0,650,31655.15477349209
6.0,675,31844.211137644383
6.0,700,32037.64215118208
6.0,725,32235.66451819091
6.0,750,32437.776568638106
6.0,775,32643.541463163223
6.0,800,32852.584088362535
6.0,825,33064.58063838216
6.0,850,33279.250136865514
6.0,875,33494.64591453812
6.0,900,33713.78736072633
6.0,925,33935.0521348988
6.0,950,34146.46860019915
6.0,975,34370.47059074173
6.5,300,30571.409812969046
6.5,325,30481.65000138724
6.5,350,30405.208102301287
6.5,375,30383.770258950397
6.5,400,30408.307670319246
6.5,425,30468.485480370895
6.5,450,30548.68420607636
6.5,475,30660.862053669567
6.5,500,30790.81354387613
6.5,525,30935.27129098805
6.5,550,31091.86264151253
6.5,575,31258.716852787795
6.5,600,31258.716852787795
6.5,625,31616.668058669078
6.5,650,31807.20386911071
6.5,675,32002.653801366716
6.5,700,32203.127911893425
6.5,725,32408.056067523157
6.5,750,32616.946356232413
6.5,775,32829.37883190777
6.5,800,33044.992935160575
6.5,825,33263.4773615685
6.5,850,33484.561937059465
6.5,875,33708.011051925234
6.5,900,33931.6694582167
6.5,925,34146.775630860124
6.5,950,34375.17141667032
6.5,975,34606.14909524343
7.0,300,30593.74393756839
7.0,325,30521.299662227153
7.0,350,30461.694127134982
7.0,375,30454.98153108466
7.0,400,30492.44933122564
7.0,425,30552.327824841344
7.0,450,30654.896259489524
7.0,475,30777.200171485678
7.0,500,30916.379365677287
7.0,525,31069.58037038361
7.0,550,31234.52804462795
7.0,575,31234.52804462795
7.0,600,31592.036750016094
7.0,625,31783.517842013636
7.0,650,31980.60644823193
7.0,675,32183.25103338186
7.0,700,32390.794645885067
7.0,725,32602.676597908754
7.0,750,32818.42128956974
7.0,775,33037.62276929947
7.0,800,33259.93244601533
7.0,825,33485.049316310906
7.0,850,33712.712126071405
7.0,875,33942.69303308983
7.0,900,34159.90074476835
7.0,925,34392.56459720126
7.0,950,34628.237924859204
7.0,975,34865.700595922564
7.5,300,30645.387851883905
7.5,325,30588.31076294333
7.5,350,30543.676654918785
7.5,375,30550.24168731308
7.5,400,30599.5558536724
7.5,425,30670.605468160047
7.5,450,30782.95759921018
7.5,475,30914.61862267502
7.5,500,31062.68220038288
7.5,525,31224.38523759499
7.5,550,31397.523992484494
7.5,575,31580.351658597352
7.5,600,31771.46630643392
7.5,625,31969.729448431157
7.5,650,32174.20674037127
7.5,675,32384.124088142333
7.5,700,32598.834659524677
7.5,725,32817.793750596065
7.5,750,33040.53939889156
7.5,775,33266.677260946555
7.5,800,33495.868695069425
7.5,825,33727.82128161
7.5,850,33962.2812168723
7.5,875,34183.35008762863
7.5,900,34420.66048238751
7.5,925,34661.223257539095
7.5,950,34903.71498777512
7.5,975,35147.871647494445
8.0,300,30722.028365339254
8.0,325,30678.8208903851
8.0,350,30647.759006290053
8.0,375,30666.53256008777
8.0,400,30726.908894354085
8.0,425,30808.51452232657
8.0,450,30930.271811214625
8.0,475,31071.008773222384
8.0,500,31227.767175036024
8.0,525,31397.85720907874
8.0,550,31397.85720907874
8.0,575,31769.07218112235
8.0,600,31968.761950352713
8.0,625,32174.659741068648
8.0,650,32386.64492304567
8.0,675,32603.97262650122
8.0,700,32826.01222398533
8.0,725,33052.23244708087
8.0,750,33282.18270602294
8.0,775,33515.478362115035
8.0,800,33751.7891143071
8.0,825,33990.82975817041
8.0,850,34232.35276931711
8.0,875,34459.55562526678
8.0,900,34703.74286156548
8.0,925,34951.29356344242
8.0,950,35200.784701835415
8.0,975,35451.93981632855
8.5,300,30839.517812882474
8.5,325,30791.778121586307
8.5,350,30771.69086031799
8.5,375,30801.678893016357
8.5,400,30857.112992926912
8.5,425,30964.07439772132
8.5,450,31095.194584820674
8.5,475,31244.86069461672
8.5,500,31410.235406059215
8.5,525,31588.695211831688
8.5,550,31778.142168222268
8.5,575,31976.9117652743
8.5,600,32183.667270803977
8.5,625,32397.322623220694
8.5,650,32616.98618964774
8.5,675,32841.91908030782
8.5,700,33071.50378420252
8.5,725,33305.22024961919
8.5,750,33542.62741837753
8.5,775,33783.34881145749
8.5,800,34027.06116269197
8.5,825,34273.48537240522
8.5,850,34504.884240985644
8.5,875,34754.166692430685
8.5,900,35007.11001694562
8.5,925,35262.165802075935
8.5,950,35519.02457370772
8.5,975,35777.53658800259
9.0,300,30960.070794171315
9.0,325,30921.88333696553
9.0,350,30913.234201757845
9.0,375,30954.021895853482
9.0,400,31019.863458489206
9.0,425,31136.39426134452
9.0,450,31276.557370746275
9.0,475,31435.091405822568
9.0,500,31609.091626163696
9.0,525,31609.091626163696
9.0,550,31992.881808932645
9.0,575,32200.614841618197
9.0,600,32415.429520927642
9.0,625,32637.05259820153
9.0,650,32864.618038410496
9.0,675,33097.40043869189
9.0,700,33334.79340652684
9.0,725,33576.28628629177
9.0,750,33821.44603158934
9.0,775,34069.90304794385
9.0,800,34321.34002709182
9.0,825,34557.02883017687
9.0,850,34811.55714383769
9.0,875,35070.08131530373
9.0,900,35330.91624532356
9.0,925,35593.714370824586
9.0,950,35858.30820676226
9.0,975,36124.56750404128
9.5,300,31098.60047942699
9.5,325,31069.082636368355
9.5,350,31071.229232326477
9.5,375,31122.391970145567
9.5,400,31198.35615341426
9.5,425,31324.333727670743
9.5,450,31473.505329618223
9.5,475,31640.934670034883
9.5,500,31823.642404347476
9.5,525,32019.091686964675
9.5,550,32225.25453435999
9.5,575,32440.521388821606
9.5,600,32663.59940983129
9.5,625,32893.438114054974
9.5,650,33129.175084789895
9.5,675,33370.09570298647
9.5,700,33615.60283022669
9.5,725,33865.193676058676
9.5,750,34118.44193201
9.5,775,34374.98382043197
9.5,800,34615.04458455418
9.5,825,34874.95845576897
9.5,850,35139.24476197658
9.5,875,35406.070176404464
9.5,900,35675.04328944979
9.5,925,35945.97563069964
9.5,950,36218.72205033436
9.5,975,36493.15705335741
